 # Coordenadas            2
                 1           0.00000000E+00   0.00000000E+00
                 2           1.00000000E+00   0.00000000E+00
                 3           2.00000000E+00   0.00000000E+00
                 4           3.00000000E+00   0.00000000E+00
                 5           4.00000000E+00   0.00000000E+00
                 6           5.00000000E+00   0.00000000E+00
                 7           0.00000000E+00   1.00000000E+00
                 8           1.00000000E+00   1.00000000E+00
                 9           2.00000000E+00   1.00000000E+00
                10           3.00000000E+00   1.00000000E+00
                11           4.00000000E+00   1.00000000E+00
                12           5.00000000E+00   1.00000000E+00
                13           0.00000000E+00   2.00000000E+00
                14           1.00000000E+00   2.00000000E+00
                15           2.00000000E+00   2.00000000E+00
                16           3.00000000E+00   2.00000000E+00
                17           4.00000000E+00   2.00000000E+00
                18           5.00000000E+00   2.00000000E+00
