1 21 1 21
1 1 1.00000000000000e+00
1 2 0.00000000000000e+00
1 9 0.00000000000000e+00
1 8 0.00000000000000e+00
2 2 1.33333333333333e+00
2 1 0.00000000000000e+00
2 9 -3.33333333333333e-01
2 8 0.00000000000000e+00
2 3 -1.66666666666667e-01
2 10 -3.33333333333333e-01
3 3 1.33333333333333e+00
3 2 -1.66666666666667e-01
3 10 -3.33333333333333e-01
3 9 -3.33333333333333e-01
3 4 -1.66666666666667e-01
3 11 -3.33333333333333e-01
4 4 1.33333333333333e+00
4 3 -1.66666666666667e-01
4 11 -3.33333333333334e-01
4 10 -3.33333333333333e-01
4 5 -1.66666666666666e-01
4 12 -3.33333333333333e-01
5 5 1.33333333333333e+00
5 4 -1.66666666666666e-01
5 12 -3.33333333333334e-01
5 11 -3.33333333333333e-01
5 6 -1.66666666666667e-01
5 13 -3.33333333333333e-01
6 6 1.33333333333333e+00
6 5 -1.66666666666667e-01
6 13 -3.33333333333333e-01
6 12 -3.33333333333333e-01
6 7 0.00000000000000e+00
6 14 0.00000000000000e+00
7 7 1.00000000000000e+00
7 6 0.00000000000000e+00
7 14 0.00000000000000e+00
7 13 0.00000000000000e+00
8 8 2.00000000000000e+00
8 1 0.00000000000000e+00
8 2 0.00000000000000e+00
8 9 0.00000000000000e+00
8 16 0.00000000000000e+00
8 15 0.00000000000000e+00
9 9 2.66666666666667e+00
9 1 0.00000000000000e+00
9 2 -3.33333333333333e-01
9 8 0.00000000000000e+00
9 3 -3.33333333333333e-01
9 10 -3.33333333333334e-01
9 16 -3.33333333333333e-01
9 15 0.00000000000000e+00
9 17 -3.33333333333333e-01
10 10 2.66666666666667e+00
10 2 -3.33333333333333e-01
10 3 -3.33333333333333e-01
10 9 -3.33333333333334e-01
10 4 -3.33333333333333e-01
10 11 -3.33333333333334e-01
10 17 -3.33333333333333e-01
10 16 -3.33333333333333e-01
10 18 -3.33333333333333e-01
11 11 2.66666666666667e+00
11 3 -3.33333333333333e-01
11 4 -3.33333333333334e-01
11 10 -3.33333333333334e-01
11 5 -3.33333333333333e-01
11 12 -3.33333333333333e-01
11 18 -3.33333333333334e-01
11 17 -3.33333333333333e-01
11 19 -3.33333333333333e-01
12 12 2.66666666666667e+00
12 4 -3.33333333333333e-01
12 5 -3.33333333333334e-01
12 11 -3.33333333333333e-01
12 6 -3.33333333333333e-01
12 13 -3.33333333333333e-01
12 19 -3.33333333333334e-01
12 18 -3.33333333333333e-01
12 20 -3.33333333333333e-01
13 13 2.66666666666667e+00
13 5 -3.33333333333333e-01
13 6 -3.33333333333333e-01
13 12 -3.33333333333333e-01
13 7 0.00000000000000e+00
13 14 0.00000000000000e+00
13 20 -3.33333333333333e-01
13 19 -3.33333333333333e-01
13 21 0.00000000000000e+00
14 14 2.00000000000000e+00
14 6 0.00000000000000e+00
14 7 0.00000000000000e+00
14 13 0.00000000000000e+00
14 21 0.00000000000000e+00
14 20 0.00000000000000e+00
15 15 1.00000000000000e+00
15 8 0.00000000000000e+00
15 9 0.00000000000000e+00
15 16 0.00000000000000e+00
16 16 1.33333333333333e+00
16 8 0.00000000000000e+00
16 9 -3.33333333333333e-01
16 15 0.00000000000000e+00
16 10 -3.33333333333333e-01
16 17 -1.66666666666667e-01
17 17 1.33333333333333e+00
17 9 -3.33333333333333e-01
17 10 -3.33333333333333e-01
17 16 -1.66666666666667e-01
17 11 -3.33333333333333e-01
17 18 -1.66666666666667e-01
18 18 1.33333333333333e+00
18 10 -3.33333333333333e-01
18 11 -3.33333333333334e-01
18 17 -1.66666666666667e-01
18 12 -3.33333333333333e-01
18 19 -1.66666666666666e-01
19 19 1.33333333333333e+00
19 11 -3.33333333333333e-01
19 12 -3.33333333333334e-01
19 18 -1.66666666666666e-01
19 13 -3.33333333333333e-01
19 20 -1.66666666666667e-01
20 20 1.33333333333333e+00
20 12 -3.33333333333333e-01
20 13 -3.33333333333333e-01
20 19 -1.66666666666667e-01
20 14 0.00000000000000e+00
20 21 0.00000000000000e+00
21 21 1.00000000000000e+00
21 13 0.00000000000000e+00
21 14 0.00000000000000e+00
21 20 0.00000000000000e+00
