    0 
  experimento inicial com programa modular nodal+ladal, CC dirichlet 
         1         1         2
     10201     10000         4         4 
         1         0 
         1         4  0.000000  0.000000
                      1.000000  0.000000
                      1.500000  1.000000
                      0.500000  1.000000
       100         1       100       101
         0 
         1         1         1         2       103       102         1
       100         1         1       100       100       101
         0 
         1     10101       101         1
       101     10201       101         1
         0 
         1         2    1.0d-0
                        0.0d-0
       100       101 
       101         2   -1.0d-0
                       -2.0d-0
       100       101 
         0 
         0 
         1 
         1       1.00e+00  1.00e+00  1.00e+00
       0.0       0.0       0.0
*end 
