    0 
  experimento inicial com programa modular nodal+ladal, CC dirichlet 
         1         1         2
       961       900         4         4 
         1         0 
         1         4       0.0       0.0
                           1.0       0.0
                           1.0       1.0
                           0.0       1.0
        30         1        30        31
         0 
         1         1         1         2        33        32         1
        30         1         1        30        30        31
         0 
         1       931        31         1
        31       961        31         1
         0 
         1         2    1.0d-0
                        1.0d-0
        30        31 
        31         2   -1.0d-0
                       -1.0d-0
        30        31 
         0 
         0 
         1 
         1       1.00e+00  1.00e+00  1.00e+00
       0.0       0.0       0.0
*end 
